start pl/0
 p   b   t     f   l   a                 0   1   2   3   4   5   6   7   8   9  10  11  12  13  14
 === === ===   === === ===             === === === === === === === === === === === === === === ===
   0   0  -1   INT   0   5      s[] :    0   0   0   0   0
   1   0   4   LIT   0   5      s[] :    0   0   0   0   0   5
   2   0   5   STO   0   3      s[] :    0   0   0   5   0
   3   0   4   LOD   0   3      s[] :    0   0   0   5   0   5
   4   0   5   STO   0   8      s[] :    0   0   0   5   0
   5   0   4   CAL   0   9      s[] :    0   0   0   5   0
   9   5   4   INT   0   5      s[] :    0   0   0   5   0   0   0   6   5   0
  10   5   9   LOD   0   3      s[] :    0   0   0   5   0   0   0   6   5   0   5
  11   5  10   LIT   0   1      s[] :    0   0   0   5   0   0   0   6   5   0   5   1
  12   5  11   OPR   0   8      s[] :    0   0   0   5   0   0   0   6   5   0   0
  13   5  10   JPC   0  24      s[] :    0   0   0   5   0   0   0   6   5   0
  14   5   9   LOD   0   3      s[] :    0   0   0   5   0   0   0   6   5   0   5
  15   5  10   LIT   0   1      s[] :    0   0   0   5   0   0   0   6   5   0   5   1
  16   5  11   OPR   0   3      s[] :    0   0   0   5   0   0   0   6   5   0   4
  17   5  10   STO   0   8      s[] :    0   0   0   5   0   0   0   6   5   0
  18   5   9   CAL   0   9      s[] :    0   0   0   5   0   0   0   6   5   0
   9  10   9   INT   0   5      s[] :    0   0   0   5   0   0   0   6   5   0   5   5  19   4   0
  10  10  14   LOD   0   3      s[] :    0   0   0   5   0   0   0   6   5   0   5   5  19   4   0   4
  11  10  15   LIT   0   1      s[] :    0   0   0   5   0   0   0   6   5   0   5   5  19   4   0   4   1
  12  10  16   OPR   0   8      s[] :    0   0   0   5   0   0   0   6   5   0   5   5  19   4   0   0
  13  10  15   JPC   0  24      s[] :    0   0   0   5   0   0   0   6   5   0   5   5  19   4   0
  14  10  14   LOD   0   3      s[] :    0   0   0   5   0   0   0   6   5   0   5   5  19   4   0   4
  15  10  15   LIT   0   1      s[] :    0   0   0   5   0   0   0   6   5   0   5   5  19   4   0   4   1
  16  10  16   OPR   0   3      s[] :    0   0   0   5   0   0   0   6   5   0   5   5  19   4   0   3
  17  10  15   STO   0   8      s[] :    0   0   0   5   0   0   0   6   5   0   5   5  19   4   0
  18  10  14   CAL   0   9      s[] :    0   0   0   5   0   0   0   6   5   0   5   5  19   4   0
   9  15  14   INT   0   5      s[] :    0   0   0   5   0   0   0   6   5   0   5   5  19   4   0  10  10  19   3   0
  10  15  19   LOD   0   3      s[] :    0   0   0   5   0   0   0   6   5   0   5   5  19   4   0  10  10  19   3   0   3
  11  15  20   LIT   0   1      s[] :    0   0   0   5   0   0   0   6   5   0   5   5  19   4   0  10  10  19   3   0   3   1
  12  15  21   OPR   0   8      s[] :    0   0   0   5   0   0   0   6   5   0   5   5  19   4   0  10  10  19   3   0   0
  13  15  20   JPC   0  24      s[] :    0   0   0   5   0   0   0   6   5   0   5   5  19   4   0  10  10  19   3   0
  14  15  19   LOD   0   3      s[] :    0   0   0   5   0   0   0   6   5   0   5   5  19   4   0  10  10  19   3   0   3
  15  15  20   LIT   0   1      s[] :    0   0   0   5   0   0   0   6   5   0   5   5  19   4   0  10  10  19   3   0   3   1
  16  15  21   OPR   0   3      s[] :    0   0   0   5   0   0   0   6   5   0   5   5  19   4   0  10  10  19   3   0   2
  17  15  20   STO   0   8      s[] :    0   0   0   5   0   0   0   6   5   0   5   5  19   4   0  10  10  19   3   0
  18  15  19   CAL   0   9      s[] :    0   0   0   5   0   0   0   6   5   0   5   5  19   4   0  10  10  19   3   0
   9  20  19   INT   0   5      s[] :    0   0   0   5   0   0   0   6   5   0   5   5  19   4   0  10  10  19   3   0  15  15  19   2   0
  10  20  24   LOD   0   3      s[] :    0   0   0   5   0   0   0   6   5   0   5   5  19   4   0  10  10  19   3   0  15  15  19   2   0   2
  11  20  25   LIT   0   1      s[] :    0   0   0   5   0   0   0   6   5   0   5   5  19   4   0  10  10  19   3   0  15  15  19   2   0   2   1
  12  20  26   OPR   0   8      s[] :    0   0   0   5   0   0   0   6   5   0   5   5  19   4   0  10  10  19   3   0  15  15  19   2   0   0
  13  20  25   JPC   0  24      s[] :    0   0   0   5   0   0   0   6   5   0   5   5  19   4   0  10  10  19   3   0  15  15  19   2   0
  14  20  24   LOD   0   3      s[] :    0   0   0   5   0   0   0   6   5   0   5   5  19   4   0  10  10  19   3   0  15  15  19   2   0   2
  15  20  25   LIT   0   1      s[] :    0   0   0   5   0   0   0   6   5   0   5   5  19   4   0  10  10  19   3   0  15  15  19   2   0   2   1
  16  20  26   OPR   0   3      s[] :    0   0   0   5   0   0   0   6   5   0   5   5  19   4   0  10  10  19   3   0  15  15  19   2   0   1
  17  20  25   STO   0   8      s[] :    0   0   0   5   0   0   0   6   5   0   5   5  19   4   0  10  10  19   3   0  15  15  19   2   0
  18  20  24   CAL   0   9      s[] :    0   0   0   5   0   0   0   6   5   0   5   5  19   4   0  10  10  19   3   0  15  15  19   2   0
   9  25  24   INT   0   5      s[] :    0   0   0   5   0   0   0   6   5   0   5   5  19   4   0  10  10  19   3   0  15  15  19   2   0  20  20  19   1   0   
  10  25  29   LOD   0   3      s[] :    0   0   0   5   0   0   0   6   5   0   5   5  19   4   0  10  10  19   3   0  15  15  19   2   0  20  20  19   1   0   
1
  11  25  30   LIT   0   1      s[] :    0   0   0   5   0   0   0   6   5   0   5   5  19   4   0  10  10  19   3   0  15  15  19   2   0  20  20  19   1   0   
1   1
  12  25  31   OPR   0   8      s[] :    0   0   0   5   0   0   0   6   5   0   5   5  19   4   0  10  10  19   3   0  15  15  19   2   0  20  20  19   1   0   
1
  13  25  30   JPC   0  24      s[] :    0   0   0   5   0   0   0   6   5   0   5   5  19   4   0  10  10  19   3   0  15  15  19   2   0  20  20  19   1   0   
  24  25  29   LOD   0   3      s[] :    0   0   0   5   0   0   0   6   5   0   5   5  19   4   0  10  10  19   3   0  15  15  19   2   0  20  20  19   1   0   
1
  25  25  30   STO   0   4      s[] :    0   0   0   5   0   0   0   6   5   0   5   5  19   4   0  10  10  19   3   0  15  15  19   2   0  20  20  19   1   1   
  26  25  29   OPR   0   0      s[] :    0   0   0   5   0   0   0   6   5   0   5   5  19   4   0  10  10  19   3   0  15  15  19   2   0
  19  20  24   LOD   0   9      s[] :    0   0   0   5   0   0   0   6   5   0   5   5  19   4   0  10  10  19   3   0  15  15  19   2   0   1
  20  20  25   LOD   0   3      s[] :    0   0   0   5   0   0   0   6   5   0   5   5  19   4   0  10  10  19   3   0  15  15  19   2   0   1   2
  21  20  26   OPR   0   4      s[] :    0   0   0   5   0   0   0   6   5   0   5   5  19   4   0  10  10  19   3   0  15  15  19   2   0   2
  22  20  25   STO   0   4      s[] :    0   0   0   5   0   0   0   6   5   0   5   5  19   4   0  10  10  19   3   0  15  15  19   2   2
  23  20  24   JMP   0  26      s[] :    0   0   0   5   0   0   0   6   5   0   5   5  19   4   0  10  10  19   3   0  15  15  19   2   2
  26  20  24   OPR   0   0      s[] :    0   0   0   5   0   0   0   6   5   0   5   5  19   4   0  10  10  19   3   0
  19  15  19   LOD   0   9      s[] :    0   0   0   5   0   0   0   6   5   0   5   5  19   4   0  10  10  19   3   0   2
  20  15  20   LOD   0   3      s[] :    0   0   0   5   0   0   0   6   5   0   5   5  19   4   0  10  10  19   3   0   2   3
  21  15  21   OPR   0   4      s[] :    0   0   0   5   0   0   0   6   5   0   5   5  19   4   0  10  10  19   3   0   6
  22  15  20   STO   0   4      s[] :    0   0   0   5   0   0   0   6   5   0   5   5  19   4   0  10  10  19   3   6
  23  15  19   JMP   0  26      s[] :    0   0   0   5   0   0   0   6   5   0   5   5  19   4   0  10  10  19   3   6
  26  15  19   OPR   0   0      s[] :    0   0   0   5   0   0   0   6   5   0   5   5  19   4   0
  19  10  14   LOD   0   9      s[] :    0   0   0   5   0   0   0   6   5   0   5   5  19   4   0   6
  20  10  15   LOD   0   3      s[] :    0   0   0   5   0   0   0   6   5   0   5   5  19   4   0   6   4
  21  10  16   OPR   0   4      s[] :    0   0   0   5   0   0   0   6   5   0   5   5  19   4   0  24
  22  10  15   STO   0   4      s[] :    0   0   0   5   0   0   0   6   5   0   5   5  19   4  24
  23  10  14   JMP   0  26      s[] :    0   0   0   5   0   0   0   6   5   0   5   5  19   4  24
  26  10  14   OPR   0   0      s[] :    0   0   0   5   0   0   0   6   5   0
  19   5   9   LOD   0   9      s[] :    0   0   0   5   0   0   0   6   5   0  24
  20   5  10   LOD   0   3      s[] :    0   0   0   5   0   0   0   6   5   0  24   5
  21   5  11   OPR   0   4      s[] :    0   0   0   5   0   0   0   6   5   0 120
  22   5  10   STO   0   4      s[] :    0   0   0   5   0   0   0   6   5 120
  23   5   9   JMP   0  26      s[] :    0   0   0   5   0   0   0   6   5 120
  26   5   9   OPR   0   0      s[] :    0   0   0   5   0
   6   0   4   LOD   0   9      s[] :    0   0   0   5   0 120
   7   0   5   STO   0   4      s[] :    0   0   0   5 120
   8   0   4   OPR   0   0      s[] :
 === === ===   === === ===             === === === === === === === === === === === === === === ===
 p   b   t     f   l   a                 0   1   2   3   4   5   6   7   8   9  10  11  12  13  14
 end pl/0