start pl/0
 p   b   t     f   l   a                 0   1   2   3   4   5   6   7   8   9  10  11  12  13  14
 === === ===   === === ===             === === === === === === === === === === === === === === ===
   0   0  -1   INT   0   4      s[] :    0   0   0   0
   1   0   3   CAL   0   5      s[] :    0   0   0   0
   5   4   3   INT   0   8      s[] :    0   0   0   0   0   0   2   0   0   0   0   0
   6   4  11   LIT   0   0      s[] :    0   0   0   0   0   0   2   0   0   0   0   0   0
   7   4  12   STO   0   3      s[] :    0   0   0   0   0   0   2   0   0   0   0   0
   8   4  11   LIT   0   1      s[] :    0   0   0   0   0   0   2   0   0   0   0   0   1
   9   4  12   STO   0   4      s[] :    0   0   0   0   0   0   2   0   1   0   0   0
  10   4  11   LIT   0   1      s[] :    0   0   0   0   0   0   2   0   1   0   0   0   1
  11   4  12   STO   0   5      s[] :    0   0   0   0   0   0   2   0   1   1   0   0
  12   4  11   LIT   0   0      s[] :    0   0   0   0   0   0   2   0   1   1   0   0   0
  13   4  12   STO   0   6      s[] :    0   0   0   0   0   0   2   0   1   1   0   0
  14   4  11   LIT   0   4      s[] :    0   0   0   0   0   0   2   0   1   1   0   0   4
  15   4  12   STO   0   7      s[] :    0   0   0   0   0   0   2   0   1   1   0   4
  16   4  11   LOD   0   3      s[] :    0   0   0   0   0   0   2   0   1   1   0   4   0
  17   4  12   LOD   0   4      s[] :    0   0   0   0   0   0   2   0   1   1   0   4   0   1
  18   4  13   OPR   0   2      s[] :    0   0   0   0   0   0   2   0   1   1   0   4   1
  19   4  12   STO   0   6      s[] :    0   0   0   0   0   0   2   0   1   1   1   4
  20   4  11   LOD   0   4      s[] :    0   0   0   0   0   0   2   0   1   1   1   4   1
  21   4  12   STO   0   3      s[] :    0   0   0   0   0   0   2   1   1   1   1   4
  22   4  11   LOD   0   6      s[] :    0   0   0   0   0   0   2   1   1   1   1   4   1
  23   4  12   STO   0   4      s[] :    0   0   0   0   0   0   2   1   1   1   1   4
  24   4  11   LOD   0   5      s[] :    0   0   0   0   0   0   2   1   1   1   1   4   1
  25   4  12   LOD   0   7      s[] :    0   0   0   0   0   0   2   1   1   1   1   4   1   4
  26   4  13   OPR   0  11      s[] :    0   0   0   0   0   0   2   1   1   1   1   4   0
  27   4  12   JPC   0  33      s[] :    0   0   0   0   0   0   2   1   1   1   1   4
  28   4  11   LOD   0   5      s[] :    0   0   0   0   0   0   2   1   1   1   1   4   1
  29   4  12   LIT   0   1      s[] :    0   0   0   0   0   0   2   1   1   1   1   4   1   1
  30   4  13   OPR   0   2      s[] :    0   0   0   0   0   0   2   1   1   1   1   4   2
  31   4  12   STO   0   5      s[] :    0   0   0   0   0   0   2   1   1   2   1   4
  32   4  11   JMP   0  16      s[] :    0   0   0   0   0   0   2   1   1   2   1   4
  16   4  11   LOD   0   3      s[] :    0   0   0   0   0   0   2   1   1   2   1   4   1
  17   4  12   LOD   0   4      s[] :    0   0   0   0   0   0   2   1   1   2   1   4   1   1
  18   4  13   OPR   0   2      s[] :    0   0   0   0   0   0   2   1   1   2   1   4   2
  19   4  12   STO   0   6      s[] :    0   0   0   0   0   0   2   1   1   2   2   4
  20   4  11   LOD   0   4      s[] :    0   0   0   0   0   0   2   1   1   2   2   4   1
  21   4  12   STO   0   3      s[] :    0   0   0   0   0   0   2   1   1   2   2   4
  22   4  11   LOD   0   6      s[] :    0   0   0   0   0   0   2   1   1   2   2   4   2
  23   4  12   STO   0   4      s[] :    0   0   0   0   0   0   2   1   2   2   2   4
  24   4  11   LOD   0   5      s[] :    0   0   0   0   0   0   2   1   2   2   2   4   2
  25   4  12   LOD   0   7      s[] :    0   0   0   0   0   0   2   1   2   2   2   4   2   4
  26   4  13   OPR   0  11      s[] :    0   0   0   0   0   0   2   1   2   2   2   4   0
  27   4  12   JPC   0  33      s[] :    0   0   0   0   0   0   2   1   2   2   2   4
  28   4  11   LOD   0   5      s[] :    0   0   0   0   0   0   2   1   2   2   2   4   2
  29   4  12   LIT   0   1      s[] :    0   0   0   0   0   0   2   1   2   2   2   4   2   1
  30   4  13   OPR   0   2      s[] :    0   0   0   0   0   0   2   1   2   2   2   4   3
  31   4  12   STO   0   5      s[] :    0   0   0   0   0   0   2   1   2   3   2   4
  32   4  11   JMP   0  16      s[] :    0   0   0   0   0   0   2   1   2   3   2   4
  16   4  11   LOD   0   3      s[] :    0   0   0   0   0   0   2   1   2   3   2   4   1
  17   4  12   LOD   0   4      s[] :    0   0   0   0   0   0   2   1   2   3   2   4   1   2
  18   4  13   OPR   0   2      s[] :    0   0   0   0   0   0   2   1   2   3   2   4   3
  19   4  12   STO   0   6      s[] :    0   0   0   0   0   0   2   1   2   3   3   4
  20   4  11   LOD   0   4      s[] :    0   0   0   0   0   0   2   1   2   3   3   4   2
  21   4  12   STO   0   3      s[] :    0   0   0   0   0   0   2   2   2   3   3   4
  22   4  11   LOD   0   6      s[] :    0   0   0   0   0   0   2   2   2   3   3   4   3
  23   4  12   STO   0   4      s[] :    0   0   0   0   0   0   2   2   3   3   3   4
  24   4  11   LOD   0   5      s[] :    0   0   0   0   0   0   2   2   3   3   3   4   3
  25   4  12   LOD   0   7      s[] :    0   0   0   0   0   0   2   2   3   3   3   4   3   4
  26   4  13   OPR   0  11      s[] :    0   0   0   0   0   0   2   2   3   3   3   4   0
  27   4  12   JPC   0  33      s[] :    0   0   0   0   0   0   2   2   3   3   3   4
  28   4  11   LOD   0   5      s[] :    0   0   0   0   0   0   2   2   3   3   3   4   3
  29   4  12   LIT   0   1      s[] :    0   0   0   0   0   0   2   2   3   3   3   4   3   1
  30   4  13   OPR   0   2      s[] :    0   0   0   0   0   0   2   2   3   3   3   4   4
  31   4  12   STO   0   5      s[] :    0   0   0   0   0   0   2   2   3   4   3   4
  32   4  11   JMP   0  16      s[] :    0   0   0   0   0   0   2   2   3   4   3   4
  16   4  11   LOD   0   3      s[] :    0   0   0   0   0   0   2   2   3   4   3   4   2
  17   4  12   LOD   0   4      s[] :    0   0   0   0   0   0   2   2   3   4   3   4   2   3
  18   4  13   OPR   0   2      s[] :    0   0   0   0   0   0   2   2   3   4   3   4   5
  19   4  12   STO   0   6      s[] :    0   0   0   0   0   0   2   2   3   4   5   4
  20   4  11   LOD   0   4      s[] :    0   0   0   0   0   0   2   2   3   4   5   4   3
  21   4  12   STO   0   3      s[] :    0   0   0   0   0   0   2   3   3   4   5   4
  22   4  11   LOD   0   6      s[] :    0   0   0   0   0   0   2   3   3   4   5   4   5
  23   4  12   STO   0   4      s[] :    0   0   0   0   0   0   2   3   5   4   5   4
  24   4  11   LOD   0   5      s[] :    0   0   0   0   0   0   2   3   5   4   5   4   4
  25   4  12   LOD   0   7      s[] :    0   0   0   0   0   0   2   3   5   4   5   4   4   4
  26   4  13   OPR   0  11      s[] :    0   0   0   0   0   0   2   3   5   4   5   4   1
  27   4  12   JPC   0  33      s[] :    0   0   0   0   0   0   2   3   5   4   5   4
  33   4  11   OPR   0   0      s[] :    0   0   0   0
   2   0   3   LOD   0   9      s[] :    0   0   0   0   4
   3   0   4   STO   0   3      s[] :    0   0   0   4
   4   0   3   OPR   0   0      s[] :
 === === ===   === === ===             === === === === === === === === === === === === === === ===
 p   b   t     f   l   a                 0   1   2   3   4   5   6   7   8   9  10  11  12  13  14
 end pl/0